6.020000000000004237e-01
7.020000000000005125e-01
8.020000000000006013e-01
9.020000000000006901e-01
1.002000000000000446e+00
1.101999999999989432e+00
1.201999999999978419e+00
1.301999999999967406e+00
1.401999999999956392e+00
1.501999999999945379e+00
1.601999999999934365e+00
1.701999999999923352e+00
1.801999999999912339e+00
1.901999999999901325e+00
2.001999999999890534e+00
2.101999999999879520e+00
2.201999999999868507e+00
2.301999999999857494e+00
2.401999999999846480e+00
2.501999999999835467e+00
2.601999999999824453e+00
2.701999999999813440e+00
2.801999999999802426e+00
2.901999999999791413e+00
