2.000000000000000042e-03
1.020000000000000767e-01
2.020000000000001517e-01
3.020000000000002127e-01
4.020000000000003015e-01
5.020000000000003348e-01
6.020000000000004237e-01
7.020000000000005125e-01
8.020000000000006013e-01
9.020000000000006901e-01
1.002000000000000446e+00
1.101999999999989432e+00
1.201999999999978419e+00
1.301999999999967406e+00
1.401999999999956392e+00
1.501999999999945379e+00
1.601999999999934365e+00
1.701999999999923352e+00
1.801999999999912339e+00
1.901999999999901325e+00
2.001999999999890534e+00
2.101999999999879520e+00
2.201999999999868507e+00
2.301999999999857494e+00
2.401999999999846480e+00
2.501999999999835467e+00
2.601999999999824453e+00
2.701999999999813440e+00
2.801999999999802426e+00
2.901999999999791413e+00
3.001999999999780400e+00
3.101999999999769386e+00
3.201999999999758373e+00
3.301999999999747359e+00
3.401999999999736346e+00
3.501999999999725333e+00
3.601999999999714319e+00
3.701999999999703306e+00
3.801999999999692292e+00
3.901999999999681279e+00
4.001999999999671154e+00
4.101999999999704549e+00
4.201999999999737945e+00
4.301999999999771340e+00
4.401999999999804736e+00
4.501999999999838131e+00
4.601999999999871527e+00
4.701999999999904922e+00
4.801999999999938318e+00
4.901999999999971713e+00
5.002000000000005109e+00
5.102000000000038504e+00
5.202000000000071900e+00
5.302000000000105295e+00
5.402000000000138691e+00
5.502000000000172086e+00
5.602000000000205482e+00
5.702000000000238877e+00
5.802000000000272273e+00
5.902000000000305668e+00
6.002000000000339064e+00
6.102000000000372459e+00
6.202000000000405855e+00
6.302000000000439250e+00
6.402000000000472646e+00
6.502000000000506041e+00
6.602000000000539437e+00
6.702000000000572832e+00
6.802000000000606228e+00
6.902000000000639623e+00
7.002000000000673019e+00
7.102000000000706414e+00
7.202000000000739810e+00
7.302000000000773205e+00
7.402000000000806601e+00
7.502000000000839997e+00
7.602000000000873392e+00
7.702000000000906788e+00
7.802000000000940183e+00
7.902000000000973579e+00
8.002000000001004310e+00
8.102000000000948887e+00
8.202000000000893465e+00
8.302000000000838043e+00
8.402000000000782620e+00
8.502000000000727198e+00
8.602000000000671776e+00
8.702000000000616353e+00
8.802000000000560931e+00
8.902000000000505509e+00
9.002000000000450086e+00
9.102000000000394664e+00
9.202000000000339242e+00
9.302000000000283819e+00
9.402000000000228397e+00
9.502000000000172975e+00
9.602000000000117552e+00
9.702000000000062130e+00
9.802000000000006708e+00
9.901999999999951285e+00
1.000199999999989586e+01
1.010199999999984044e+01
1.020199999999978502e+01
1.030199999999972960e+01
1.040199999999967417e+01
1.050199999999961875e+01
1.060199999999956333e+01
1.070199999999950791e+01
1.080199999999945248e+01
1.090199999999939706e+01
1.100199999999934164e+01
1.110199999999928622e+01
1.120199999999923079e+01
1.130199999999917537e+01
1.140199999999911995e+01
1.150199999999906453e+01
1.160199999999900911e+01
1.170199999999895368e+01
1.180199999999889826e+01
1.190199999999884284e+01
1.200199999999878742e+01
1.210199999999873199e+01
1.220199999999867657e+01
1.230199999999862115e+01
1.240199999999856573e+01
1.250199999999851030e+01
1.260199999999845488e+01
1.270199999999839946e+01
1.280199999999834404e+01
1.290199999999828862e+01
1.300199999999823319e+01
1.310199999999817777e+01
1.320199999999812235e+01
1.330199999999806693e+01
1.340199999999801150e+01
1.350199999999795608e+01
1.360199999999790066e+01
1.370199999999784524e+01
1.380199999999778981e+01
1.390199999999773439e+01
1.400199999999767897e+01
1.410199999999762355e+01
1.420199999999756812e+01
1.430199999999751270e+01
1.440199999999745728e+01
1.450199999999740186e+01
1.460199999999734644e+01
1.470199999999729101e+01
1.480199999999723559e+01
1.490199999999718017e+01
1.500199999999712475e+01
1.510199999999706932e+01
1.520199999999701390e+01
1.530199999999695848e+01
1.540199999999690306e+01
1.550199999999684763e+01
1.560199999999679221e+01
1.570199999999673679e+01
1.580199999999668137e+01
1.590199999999662595e+01
1.600199999999657408e+01
1.610199999999669629e+01
1.620199999999681850e+01
1.630199999999694072e+01
1.640199999999706293e+01
1.650199999999718514e+01
1.660199999999730736e+01
1.670199999999742957e+01
1.680199999999755178e+01
1.690199999999767400e+01
1.700199999999779621e+01
1.710199999999791842e+01
1.720199999999804064e+01
1.730199999999816285e+01
1.740199999999828506e+01
1.750199999999840728e+01
1.760199999999852949e+01
1.770199999999865170e+01
1.780199999999877392e+01
1.790199999999889613e+01
1.800199999999901834e+01
1.810199999999914056e+01
1.820199999999926277e+01
1.830199999999938498e+01
1.840199999999950720e+01
1.850199999999962941e+01
1.860199999999975162e+01
1.870199999999987384e+01
1.880199999999999605e+01
1.890200000000011826e+01
1.900200000000024048e+01
1.910200000000036269e+01
1.920200000000048490e+01
1.930200000000060712e+01
1.940200000000072933e+01
1.950200000000085154e+01
1.960200000000097376e+01
1.970200000000109597e+01
1.980200000000121818e+01
1.990200000000134040e+01
