-1.471762902922890692e-02
-1.463382050954920022e-02
-1.468558275373454958e-02
-1.481624320048835486e-02
-1.498294259000276796e-02
-1.515396105893074274e-02
-1.530837532498496856e-02
-1.543526178725274089e-02
-1.553167627574292275e-02
-1.559995160202443110e-02
-1.564508153703569882e-02
-1.567268581535719019e-02
-1.568771424563519812e-02
-1.569382398530771994e-02
-1.569325923990450011e-02
-1.568703863688569733e-02
-1.567527990362083123e-02
-1.565754038186650821e-02
-1.563310545343865599e-02
-1.560120056230684948e-02
-1.556112974268608617e-02
-1.551235543190143673e-02
-1.545453594949119935e-02
-1.538753391178149244e-02
