-2.940844541772513754e-02
-2.876433534029776418e-02
-2.817732610832512918e-02
-2.764606451347018101e-02
-2.716344079900512298e-02
-2.672218441565621383e-02
-2.631569432577640644e-02
-2.593796481227539363e-02
-2.558349071847543232e-02
-2.524720385012335644e-02
-2.492443656240683758e-02
-2.461090602377813408e-02
-2.430271322947930024e-02
-2.399635133261412978e-02
-2.368871837400698954e-02
-2.337713011101028027e-02
-2.305932936122467858e-02
-2.273348914121064990e-02
-2.239820788418889208e-02
-2.205249596121117150e-02
-2.169575372319709761e-02
-2.132774197544096140e-02
-2.094854642598065197e-02
-2.055853783493322151e-02
-2.015832982769916182e-02
-1.974873608139027237e-02
-1.933072849213263167e-02
-1.890539754653697280e-02
-1.847391583236629442e-02
-1.803750529615760767e-02
-1.759740857228825339e-02
-1.715486447186748142e-02
-1.671108755307848526e-02
-1.626725153793667777e-02
-1.582447626650995698e-02
-1.538381783346143283e-02
-1.494626152134109764e-02
-1.451271713358986970e-02
-1.408401638714612547e-02
-1.366091199166835635e-02
-1.324407812761108083e-02
-1.283411202938899986e-02
-1.243153644403527380e-02
-1.203680274600160693e-02
-1.165029453529392578e-02
-1.127233157052764945e-02
-1.090317390373823914e-02
-1.054302612823326823e-02
-1.019204164579706751e-02
-9.850326889621757731e-03
-9.517945459572296762e-03
-9.194922115859927025e-03
-8.881246615355387064e-03
-8.576877358203172097e-03
-8.281744839969823468e-03
-7.995754892586165452e-03
-7.718791713656747433e-03
-7.450720687793288555e-03
-7.191390990472779077e-03
-6.940637993550768936e-03
-6.698285469071418863e-03
-6.464147604204328879e-03
-6.238030831898222495e-03
-6.019735492922978493e-03
-5.809057331992301121e-03
-5.605788844818132555e-03
-5.409720480690355382e-03
-5.220641714001605926e-03
-5.038341992365594213e-03
-4.862611574550992910e-03
-4.693242258919580467e-03
-4.530028024777796314e-03
-4.372765578717491275e-03
-4.221254827024498169e-03
-4.075299275136876065e-03
-3.934706361445605705e-03
-3.799287732100808945e-03
-3.668859466210080966e-03
-3.543242249893704954e-03
-3.422261511560123481e-03
-3.305747517856963413e-03
-3.193535438313771513e-03
-3.085465378797891400e-03
-2.981382390642578484e-03
-2.881136457928007433e-03
-2.784582463879678449e-03
-2.691580141260530024e-03
-2.601994008980673678e-03
-2.515693295559659481e-03
-2.432551852785819202e-03
-2.352448060802606045e-03
-2.275264726348848188e-03
-2.200888975635237332e-03
-2.129212142030524613e-03
-2.060129651168182696e-03
-1.993540903808335707e-03
-1.929349157009201121e-03
-1.867461404317545537e-03
-1.807788256356392120e-03
-1.750243821515944098e-03
-1.694745587519676244e-03
-1.641214304924643042e-03
-1.589573871573282671e-03
-1.539751219306433050e-03
-1.491676203025163461e-03
-1.445281492268822576e-03
-1.400502464896438704e-03
-1.357277103779599980e-03
-1.315545896687225769e-03
-1.275251738003940760e-03
-1.236339834750563305e-03
-1.198757614340184574e-03
-1.162454635984105922e-03
-1.127382504735423285e-03
-1.093494788885832070e-03
-1.060746939447569648e-03
-1.029096213664686815e-03
-9.985016002265166557e-04
-9.689237480594442564e-04
-9.403248972077171697e-04
-9.126688128701515579e-04
-8.859207218238178416e-04
-8.600472509367670937e-04
-8.350163689802014844e-04
-8.107973301025098167e-04
-7.873606196668637980e-04
-7.646779027125835682e-04
-7.427219740480106580e-04
-7.214667107750295794e-04
-7.008870265058121662e-04
-6.809588278602896061e-04
-6.616589724507161707e-04
-6.429652287861381543e-04
-6.248562379822762691e-04
-6.073114769736785712e-04
-5.903112233391662189e-04
-5.738365215922532070e-04
-5.578691511919781076e-04
-5.423915954688024454e-04
-5.273870122965082508e-04
-5.128392059701621097e-04
-4.987325999828828155e-04
-4.850522114972170146e-04
-4.717836265626627890e-04
-4.589129765104199565e-04
-4.464269152825058040e-04
-4.343125981506011646e-04
-4.225576607432435933e-04
-4.111501994965779949e-04
-4.000787526480757000e-04
-3.893322823222619689e-04
-3.789001571227659099e-04
-3.687721356483274898e-04
-3.589383507376052440e-04
-3.493892942589039985e-04
-3.401158027694327346e-04
-3.311090435236755530e-04
-3.223605013476064929e-04
-3.138619659830144126e-04
-3.056055198282121854e-04
-2.975835265023058646e-04
-2.897886196542766996e-04
-2.822136923289093879e-04
-2.748518868206113047e-04
-2.676965849314223017e-04
-2.607413986375518855e-04
-2.539801612067276587e-04
-2.474069185286979083e-04
-2.410159210773903798e-04
-2.348016159329190111e-04
-2.287586393532811679e-04
-2.228818095586669254e-04
-2.171661197834578658e-04
-2.116067317367532549e-04
-2.061989691947352030e-04
-2.009383119926707456e-04
-1.958203901537402397e-04
-1.908409782933615309e-04
-1.859959903260065273e-04
-1.812814742728485751e-04
-1.766936073627949425e-04
-1.722286912885602136e-04
-1.678831476644012874e-04
-1.636535137364714815e-04
-1.595364380872115254e-04
-1.555286767590015329e-04
-1.516270893048461688e-04
-1.478286351210608002e-04
-1.441303699385764261e-04
-1.405294423408075602e-04
-1.370230905357655224e-04
-1.336086391927901809e-04
-1.302834964402857162e-04
-1.270451509121370628e-04
-1.238911690082562800e-04
-1.208191921526352575e-04
-1.178269342731719758e-04
-1.149121792519522574e-04
-1.120727785986603241e-04
-1.093066490926559130e-04
