1.249946457118419341e-01
1.249202521611285782e-01
1.248454368177458057e-01
1.247698143150496042e-01
1.246932149756935920e-01
1.246155956581198598e-01
1.245369182015910736e-01
1.244571067551582394e-01
1.243760480171713922e-01
1.242935965936201592e-01
1.242095749604065630e-01
1.241237705746546377e-01
1.240359343619226173e-01
1.239457761711086070e-01
1.238529578503199391e-01
1.237570920205815356e-01
1.236577466874398540e-01
1.235544486337874781e-01
1.234466835970060294e-01
1.233338992258892763e-01
1.232155143306775669e-01
1.230909357907522539e-01
1.229595867492407069e-01
1.228209423469016348e-01
1.226745477900941239e-01
1.225199904376705201e-01
1.223568378088148723e-01
1.221845967374778907e-01
1.220027428652748214e-01
1.218108250677771842e-01
1.216085892344538760e-01
1.213959652815946172e-01
1.211727162127243518e-01
1.209376906261536849e-01
1.206879111986419312e-01
1.204180409008444586e-01
1.201209965148926084e-01
1.197904912613222406e-01
1.194246941684713598e-01
1.190272920506954407e-01
1.186040226086427368e-01
1.181579690414213957e-01
1.176872623010149221e-01
1.171848934283436089e-01
1.166405487664184532e-01
1.160510292253234405e-01
1.154290071259047590e-01
1.147868688004218818e-01
1.141052610764567016e-01
1.133142744730874368e-01
1.123310173631769521e-01
1.111072009250031745e-01
1.096551705349288197e-01
1.080602790151606318e-01
1.064253703337616347e-01
1.048296458667759695e-01
1.033214318317677849e-01
1.019132329816814092e-01
1.005980877632254022e-01
9.935794186138105499e-02
9.816375725462013480e-02
9.698892467479573731e-02
9.582117290699855572e-02
9.465745604236842914e-02
9.348906561841310858e-02
9.232076168313657627e-02
9.117138614705865007e-02
9.003129916719793124e-02
8.884333623330530061e-02
8.758761598125801295e-02
8.629632615819683716e-02
8.499140181749947898e-02
8.369590529005779822e-02
8.238659333593444101e-02
8.104982088050183275e-02
7.972613861259682244e-02
7.845964733661998924e-02
7.726756694123400326e-02
7.612737313905980352e-02
7.500967711134051696e-02
7.390305056543074180e-02
7.280982149220903421e-02
7.173293276726558365e-02
7.067384705310345017e-02
6.964099759109457222e-02
6.865058262870317451e-02
6.771883890361912739e-02
6.683706498862940215e-02
6.598367385638713445e-02
6.514290918898767158e-02
6.430079101507626960e-02
6.344257420909420186e-02
6.256028252699390169e-02
6.165683476597289686e-02
6.074055083494061397e-02
5.981613987336006216e-02
5.889394713363638179e-02
5.798801604750393468e-02
5.710661232380803698e-02
5.625151036675949540e-02
5.541995833424023798e-02
5.461152179582123845e-02
5.383140183797536366e-02
5.308386231605268651e-02
5.236895739829390550e-02
5.168207988730056518e-02
5.101755468265382204e-02
5.037159305988345159e-02
4.974164370439266430e-02
4.912513717649164002e-02
4.851954812915063031e-02
4.792299024176807642e-02
4.733596551987158396e-02
4.676107890928089122e-02
4.619961997838492596e-02
4.565006227179248949e-02
4.511039732339618136e-02
4.458060813870727557e-02
4.406293447208262798e-02
4.355951239608178011e-02
4.306995414334500311e-02
4.259124798480622837e-02
4.212009317381160134e-02
4.165451633217617800e-02
4.119331204694654663e-02
4.073625755365604256e-02
4.028386197855936268e-02
3.983713210002354926e-02
3.939755840527622149e-02
3.896647592380983460e-02
3.854478708608301274e-02
3.813308420545745425e-02
3.773141338872385009e-02
3.733904556165516114e-02
3.695477637097858981e-02
3.657751157088509619e-02
3.620650322198044890e-02
3.584129908855607227e-02
3.548169871702249595e-02
3.512761445568404750e-02
3.477907976638458520e-02
3.443632841210063356e-02
3.409963957393521983e-02
3.376912004481667090e-02
3.344473478585344162e-02
3.312651307601940931e-02
3.281461070846814626e-02
3.250918163272085298e-02
3.221029362947867153e-02
3.191799644866719771e-02
3.163243703233590415e-02
3.135388522421201501e-02
3.108264961327816128e-02
3.081897372363402374e-02
3.056299753479008174e-02
3.031473477106500294e-02
3.007396808396159762e-02
2.984016664118840229e-02
2.961257995829328499e-02
2.939043055376046321e-02
2.917301694252713226e-02
2.895968998434796451e-02
2.874980671586690323e-02
2.854274017951691222e-02
2.833792129875136942e-02
2.813484509118969329e-02
2.793305228048769892e-02
2.773213999677933209e-02
2.753176418744088944e-02
2.733161947944286185e-02
2.713145965451546279e-02
2.693115996543319832e-02
2.673074520661369510e-02
2.653033139240642407e-02
2.633001292740340046e-02
2.612979826053105081e-02
2.592965884423638345e-02
2.572960969557490374e-02
2.552975502467587018e-02
2.533029905706283072e-02
2.513153567497544011e-02
2.493382635428031610e-02
2.473754772036987348e-02
2.454301980566253941e-02
2.435044745267627223e-02
2.415991230673293633e-02
2.397141983375436491e-02
2.378493680471719177e-02
2.360038315423555744e-02
2.341760682950786224e-02
2.323637508060452661e-02
2.305641790639195721e-02
2.287752443247103099e-02
2.269961575295966968e-02
2.252273212532199601e-02
2.234696487281061239e-02
2.217240115348249191e-02
2.199911935804387333e-02
2.182722102818546173e-02
2.165684388494850884e-02
