3.096273820668571375e-06
3.559624442428521718e-06
-1.052929576861316718e-05
-5.214027266886578360e-05
-1.263895625103206299e-04
-2.299776612757487015e-04
-3.516286367633014720e-04
-4.745253921606407133e-04
-5.797280064195886595e-04
-6.492316153988708649e-04
-6.677849377495492789e-04
-6.233923324910906061e-04
-5.069373895938422692e-04
-3.113549439659468732e-04
-3.050051525232966299e-05
3.422605929642719147e-04
8.155482715127559956e-04
1.401087103017339963e-03
2.113943377818339187e-03
2.971639386672997318e-03
3.992276325748278509e-03
5.191939784127130864e-03
6.581629525131971192e-03
8.164434062457592844e-03
