3.697152378326351574e-03
3.708217147195547181e-03
3.739750951321785255e-03
3.781420314714900588e-03
3.823834299951367477e-03
3.863915254553873524e-03
3.903881410305398703e-03
3.947397910511463159e-03
3.996862196310735360e-03
4.053294134481744138e-03
4.117472747874884043e-03
4.190616806440394804e-03
4.274208383797661881e-03
4.369515494703768432e-03
4.477337495982502968e-03
4.598048669360310647e-03
4.731741451127757792e-03
4.878305957879691679e-03
5.037429416131222748e-03
5.208574628332018897e-03
5.390986584391521674e-03
5.583733683620084598e-03
5.785752628031937128e-03
5.995865517915976994e-03
6.212760455233390378e-03
6.434963589642406223e-03
6.660851981904469810e-03
6.888742140136183689e-03
7.117036670502285833e-03
7.344357123799383213e-03
7.569580434800549096e-03
7.791752119266914800e-03
8.009934391731143855e-03
8.223113531700965151e-03
8.430302935728828384e-03
8.630919675278736491e-03
8.825377191401528876e-03
9.015665601315447919e-03
9.205593292026248431e-03
9.400449711806369013e-03
9.606108026041781933e-03
9.827848503791980495e-03
1.006926013123188302e-02
1.033144850191292097e-02
1.061260562269655816e-02
1.090793660358663208e-02
1.120997194004880182e-02
1.150929444374698685e-02
1.179561465082523686e-02
1.205899729824627675e-02
1.229097041486743036e-02
1.248530382845780551e-02
1.263845077672104411e-02
1.274991721529339372e-02
1.282287516918140247e-02
1.286489829203651958e-02
1.288800377192422797e-02
1.290701015122935891e-02
1.293601454686599261e-02
1.298400357336026989e-02
1.305135894717895928e-02
1.312900411923612065e-02
1.320112381220372999e-02
1.325064094826189365e-02
1.326474467999161355e-02
1.323761983206134252e-02
1.316966267601166196e-02
1.306474241949268089e-02
1.292748944499433339e-02
1.276165226979097955e-02
1.256963438069358396e-02
1.235284194887331655e-02
1.211234792257709358e-02
1.184951733729927570e-02
1.156646265392941020e-02
1.126631597106811378e-02
1.095330168833230644e-02
1.063256841584217516e-02
1.030976897444593754e-02
9.990464566208417940e-03
9.679513924190641383e-03
9.380622747347938661e-03
9.096157533317050792e-03
8.827217474109000372e-03
8.573873916192797928e-03
8.335464897609584645e-03
8.110863090687869814e-03
7.898684597936606044e-03
7.697443759530075980e-03
7.505674012481255986e-03
7.322030609767382625e-03
7.145377491762916478e-03
6.974848203892408671e-03
6.809866534536468397e-03
6.650118583362979452e-03
6.495481044672957172e-03
6.345924188495138951e-03
6.201415883695660103e-03
6.061851413003555011e-03
5.927023595894004293e-03
5.796633518272836794e-03
5.670329941909885152e-03
5.547759531825818824e-03
5.428611160585017359e-03
5.312643571270259102e-03
5.199693211515449276e-03
5.089665285062938693e-03
4.982514477221838822e-03
4.878222324258135734e-03
4.776776700709389756e-03
4.678156592094473432e-03
4.582323188095926980e-03
4.489216768552295456e-03
4.398757970567462872e-03
4.310851694709627591e-03
4.225392008778972031e-03
4.142266800498048407e-03
4.061361474618635503e-03
3.982561500075199046e-03
3.905754006794728839e-03
3.830828815400491583e-03
3.757679282684681099e-03
3.686203218193281894e-03
3.616303957627506338e-03
3.547891522412069398e-03
3.480883726452582705e-03
3.415207060761954461e-03
3.350797238098682240e-03
3.287599325750220625e-03
3.225567468134044047e-03
3.164664241844805659e-03
3.104859724613676097e-03
3.046130370661440101e-03
2.988457792418505732e-03
2.931827536447120797e-03
2.876227929493255231e-03
2.821649049036811796e-03
2.768081856459325696e-03
2.715517506387751800e-03
2.663946831745617194e-03
2.613359991919181335e-03
2.563746260036969815e-03
2.515093922563979567e-03
2.467390263948682216e-03
2.420621609754494696e-03
2.374773406585775626e-03
2.329830322023163092e-03
2.285776353309898479e-03
2.242594938848402331e-03
2.200269069948385114e-03
2.158781404791934588e-03
2.118114383523397870e-03
2.078250355075014766e-03
2.039171706968989639e-03
2.000861005635110046e-03
1.963301141451670451e-03
1.926475476133823750e-03
1.890367983776661265e-03
1.854963382352803336e-03
1.820247244866540770e-03
1.786206087319580638e-03
1.752827425922226512e-03
1.720099802968860780e-03
1.688012779346020897e-03
1.656556895976782351e-03
1.625723606734838511e-03
1.595505189873336338e-03
1.565894641220033634e-03
1.536885557321121532e-03
1.508472014407485906e-03
1.480648448181146049e-03
1.453409540387584631e-03
1.426750114080777010e-03
1.400665041999607507e-03
1.375149167629277636e-03
1.350197240965536616e-03
1.325803867325073271e-03
1.301963469402950269e-03
1.278670260299562267e-03
1.255918226644898994e-03
1.233701120422793507e-03
1.212012458254134450e-03
1.190845526076282634e-03
1.170193388767143405e-03
1.150048904336418987e-03
1.130404740453880286e-03
1.111253392867793399e-03
1.092587206429247726e-03
1.074398395440809284e-03
1.056679065321655675e-03
1.039421232532783401e-03
1.022616844554430360e-03
1.006257797598643366e-03
9.903359532471844862e-04
9.748431528391540701e-04
9.597712308821379490e-04
9.451120259221582054e-04
9.308573913355613905e-04
9.169992040558919144e-04
9.035293729935459095e-04
