4.715158158821730616e-03
4.701248297656057673e-03
4.699354267223565529e-03
4.708274641870846544e-03
4.728343471011031696e-03
4.747846217026396864e-03
4.783946296493812866e-03
4.829904938927209734e-03
4.885872544685421204e-03
4.952032568783515387e-03
5.028632220724360558e-03
5.115974661282218783e-03
5.214353573590457813e-03
5.318787697508597923e-03
5.437071765451717553e-03
5.566038646612203600e-03
5.705625410468151415e-03
5.855659179029859551e-03
6.015927362199025019e-03
6.182668678564318121e-03
6.360772927191393755e-03
6.547216294255919777e-03
6.741225774237191715e-03
6.941948767325012426e-03
7.148463218753509096e-03
7.359843248025410567e-03
7.575166241932662636e-03
7.793529784874686506e-03
8.011936622059900870e-03
8.233758946207814233e-03
8.456148319985201667e-03
8.678421839297678630e-03
8.899996783301444836e-03
9.120253859393190332e-03
9.338585585563774494e-03
9.554453319834954605e-03
9.767345210381916942e-03
9.976780077206037767e-03
1.018231471648645137e-02
1.038355091366460758e-02
1.058013799132284660e-02
1.077072095249931305e-02
1.095721918141501217e-02
1.113798271454302657e-02
1.131282748313700015e-02
1.148141170043137649e-02
1.164329388481100125e-02
1.179791618190206837e-02
1.194459898012922849e-02
1.208254707914246939e-02
1.221086660221915032e-02
1.232859100062932978e-02
1.243471391150496874e-02
1.252822548879206632e-02
1.260814900107265490e-02
1.267357446475825267e-02
1.272368674246071585e-02
1.275778752898859558e-02
1.277531174304069594e-02
1.277584050329849674e-02
1.275911217397951436e-02
1.272503262604585128e-02
1.267368383446598745e-02
1.260532929123203694e-02
1.252041427403371987e-02
1.241955918586390428e-02
1.230354522160914676e-02
1.217329302724556861e-02
1.202983562589160504e-02
1.187428799431788917e-02
1.170781576924351253e-02
1.153160540406233947e-02
1.134683806517516880e-02
1.115466801845238498e-02
1.095620668550845167e-02
1.075251179128572376e-02
1.054458117749623725e-02
1.033335029831938812e-02
1.011969245823945984e-02
9.904420536853419943e-03
9.688289669108895996e-03
9.472000047264228506e-03
9.256199457366443006e-03
9.041485395953896553e-03
8.828406548998246617e-03
8.617463971551109214e-03
8.409111692433968166e-03
8.203757262972843911e-03
8.001762102402554255e-03
7.803442066925403431e-03
7.609068152766851334e-03
7.418867451716715244e-03
7.233024485797656666e-03
7.051682916647816768e-03
6.874947555378374542e-03
6.702886760918957965e-03
6.535535039250972567e-03
6.372895975291503756e-03
6.214945218255274462e-03
6.061633659140697183e-03
5.912890555875849330e-03
5.768626663675557875e-03
5.628737298660202448e-03
5.493105216955451731e-03
5.361603320749863677e-03
5.234097208841465010e-03
5.110447405733131720e-03
4.990511474074754705e-03
4.874145751884717548e-03
4.761206963143499449e-03
4.651553555525683725e-03
4.545046810165015438e-03
4.441551774782975803e-03
4.340938015830186902e-03
4.243080216854988596e-03
4.147858602528836647e-03
4.055159275564296228e-03
3.964874398219159213e-03
3.876902332819454067e-03
3.791147642012715480e-03
3.707521039668371099e-03
3.625939306212827562e-03
3.546325088883001131e-03
3.468606711340416204e-03
3.392717922535287700e-03
3.318597608853446346e-03
3.246189496663304253e-03
3.175441826545194468e-03
3.106307013875375667e-03
3.038741315054827030e-03
2.972704472720133495e-03
2.908156355334312604e-03
2.845054327030305252e-03
2.783379448600270534e-03
2.723101307264275128e-03
2.664191960089629108e-03
2.606776254448356367e-03
2.550480578102087836e-03
2.495502372256569457e-03
2.441809268626665697e-03
2.389373588176230134e-03
2.338170474510542496e-03
2.288176837107053219e-03
2.239370704888027364e-03
2.191730812357156610e-03
2.145236316565546364e-03
2.099866613914508351e-03
2.055601210391305722e-03
2.012419636526069366e-03
1.970301392463513768e-03
1.929225918245389138e-03
1.889172574190758902e-03
1.850120643964725531e-03
1.812049339335042308e-03
1.774937816601679375e-03
1.738765197462077694e-03
1.703510596993973447e-03
1.669153148952870480e-03
1.635672038383106930e-03
1.603046533077065461e-03
1.571256014226002362e-03
1.540280010696448709e-03
1.510098227677433846e-03
1.480690576604465347e-03
1.452037205066161740e-03
1.424118521650696856e-03
1.396915221173883337e-03
1.370412489197850303e-03
1.344590210040907952e-03
1.319427206167636535e-03
1.294905311565938688e-03
1.271006867401350271e-03
1.247714649450087920e-03
1.225011849797716379e-03
1.202882071386912610e-03
1.181309328759927446e-03
1.160278048318794109e-03
1.139773069019217600e-03
1.119779641308923934e-03
1.100283425226403211e-03
1.081270486535945707e-03
1.062727292510529109e-03
1.044640705848143281e-03
1.026997977736365808e-03
1.009786741510212971e-03
9.929950030729967070e-04
9.766111334873206484e-04
9.606238582874487841e-04
9.450222501934668617e-04
9.297957178112936649e-04
9.149339966207925556e-04
9.004271388068224580e-04
8.863747045940312264e-04
8.725308253357960675e-04
8.590201170978473133e-04
8.458316088956474577e-04
8.329554067199734790e-04
8.203823535953003177e-04
8.081038416780234046e-04
7.961117009444573789e-04
