7.241176467609466982e-04
7.188934069007890670e-04
7.465757142638418387e-04
7.491436054968270142e-04
7.506070609369919211e-04
7.614484224954809477e-04
7.629633189676354732e-04
7.865631736075906488e-04
7.949636632448298101e-04
8.052792863505464638e-04
8.194865156740949175e-04
8.546744617449197889e-04
8.736092175082310618e-04
8.927333578490070920e-04
9.196607991673877436e-04
9.420308639956909147e-04
9.885831848688297896e-04
1.025136600663056896e-03
1.067493349465875596e-03
1.115664571657570825e-03
1.169730128980361883e-03
1.229365055241404825e-03
1.293411543798472785e-03
1.393560315601782840e-03
1.468573440729925572e-03
1.547276283431209265e-03
1.629844264924851238e-03
1.717017106994678244e-03
1.830528306490109003e-03
1.931957250581040064e-03
2.037550664121812183e-03
2.147267502944361084e-03
2.265607756665732886e-03
2.404584826462552449e-03
2.603983792939801312e-03
2.848203603966759090e-03
3.165550601230693317e-03
3.535143604127544137e-03
3.906202415152049134e-03
4.237146410443481948e-03
4.533594846145572177e-03
4.847317602571510342e-03
5.242540073641110965e-03
5.758647132758643039e-03
6.366619494185821182e-03
6.960398689664915040e-03
7.455486033536296020e-03
7.904108330417103367e-03
8.550761123826688959e-03
9.738815651652577010e-03
1.154070100256587850e-02
1.362258351877976281e-02
1.533562947544919730e-02
1.618146804618914025e-02
1.617355928647257191e-02
1.559513657739541870e-02
1.471477234218920849e-02
1.381737882842626330e-02
1.304432743626238178e-02
1.245887330328376841e-02
1.211068809307824790e-02
1.199833232772007374e-02
1.208821273733506896e-02
1.233038583428602841e-02
1.253348023379230458e-02
1.251180984111754935e-02
1.236456918031481056e-02
1.229691788032227784e-02
1.237437260176443843e-02
1.252037867346955657e-02
1.260048207754604910e-02
1.254804812882148735e-02
1.235340887492664130e-02
1.210474719465226556e-02
1.186955634245590030e-02
1.174831375795604149e-02
1.165439402506240896e-02
1.155858579497681671e-02
1.147062291381728549e-02
1.134600075097802474e-02
1.115946934783507150e-02
1.086165988413434480e-02
1.052623342395753170e-02
1.026709099513634094e-02
1.006775350659294688e-02
9.886871482650549936e-03
9.688806649393866266e-03
9.476103114483547252e-03
9.287386205841796638e-03
9.094845189211442360e-03
8.860539311358883729e-03
8.606408196491777129e-03
8.369319896076032883e-03
8.160881225786897897e-03
7.946674877454262820e-03
7.706123797496244876e-03
7.490630721661284408e-03
7.348566693418656648e-03
7.268516070364772208e-03
7.218745998655018425e-03
7.181818208752688282e-03
7.148701072517971156e-03
7.108030792860042801e-03
7.052596092786689308e-03
6.976671010981705390e-03
6.876107759054561619e-03
6.755477782338648041e-03
6.619250768599704848e-03
6.464657459348543966e-03
6.289870539528952254e-03
6.105315967758206952e-03
5.931460513822206515e-03
5.781036245412762842e-03
5.653243058442725122e-03
5.542296732274909488e-03
5.441017036957040975e-03
5.345170195937554158e-03
5.258291473346499156e-03
5.184750214444477923e-03
5.120838167289865073e-03
5.056126137235883444e-03
4.979768353896574240e-03
4.882005905461339612e-03
4.759233742254731503e-03
4.622195780304427792e-03
4.491572276485444881e-03
4.382505274007353346e-03
4.297185602464281828e-03
4.227687349603326261e-03
4.165145837106698501e-03
4.107229321821670442e-03
4.053225923741909931e-03
3.998241770289401309e-03
3.936928295339425787e-03
3.869127345172695964e-03
3.798900040020980473e-03
3.729399622835749550e-03
3.660836113236753953e-03
3.592699759302764306e-03
3.525868027050294007e-03
3.461804382008659697e-03
3.400623849326989134e-03
3.341005702033050806e-03
3.281877584929149272e-03
3.223491403255007715e-03
3.166693404554887792e-03
3.111688981594085135e-03
3.057671578772513943e-03
3.003231405097894768e-03
2.947030328617761263e-03
2.888343401813431299e-03
2.827301950301952527e-03
2.764877324045594831e-03
2.702582284110077726e-03
2.641993560533600904e-03
2.584287683297242788e-03
2.524600039771618398e-03
2.473674092343808306e-03
2.425810851334336826e-03
2.380916445436642714e-03
2.338590196136053345e-03
2.297710474670477954e-03
2.256762743766543844e-03
2.214761178266633213e-03
2.171779561816605808e-03
2.128627619696343842e-03
2.086261803958822103e-03
2.045629545092270130e-03
2.007850034707603371e-03
1.974123809339589641e-03
1.945194397338229075e-03
1.920885109293890558e-03
1.900227165497342385e-03
1.882055810788207939e-03
1.865549957253548330e-03
1.850327467016465999e-03
1.836121009096691736e-03
1.822399775995575677e-03
1.808283545963462746e-03
1.792794872352426738e-03
1.775220844706104639e-03
1.755316867874806563e-03
1.733282990957346614e-03
1.709636878427511775e-03
1.685067053603522824e-03
1.660281780571648547e-03
1.635929576193628776e-03
1.612577251973446035e-03
1.590599124311892210e-03
1.570009356584300964e-03
1.550429073977205308e-03
1.531225932490526409e-03
1.511768657529166671e-03
1.491764598997996627e-03
1.471479872606346051e-03
1.451563615549600339e-03
1.432532831215777014e-03
1.414292359058766380e-03
1.396034931482048602e-03
1.376651823113694828e-03
