1.227519949514438297e-01
1.222813353139101944e-01
1.218113955506032464e-01
1.213411007681404474e-01
1.208693547497496773e-01
1.203955063581215040e-01
1.199189802329701238e-01
1.194383474190423011e-01
1.189526146739288553e-01
1.184607721152943632e-01
1.179617891563162629e-01
1.174546057397285598e-01
1.169381335004287398e-01
1.164113483906343699e-01
1.158735851345373408e-01
1.153234540677649939e-01
1.147598890049695425e-01
1.141818357964404645e-01
1.135882609056295678e-01
1.129783876977552420e-01
1.123511990210095401e-01
1.117057727428793779e-01
1.110413132305068523e-01
1.103571063657002721e-01
1.096525267917191210e-01
1.089270424770980156e-01
1.081802133808852651e-01
1.074116910795202967e-01
1.066213911916099599e-01
1.058090032194845403e-01
1.049743984587415413e-01
1.041175551396745641e-01
1.032385157068016340e-01
1.023373793212205285e-01
1.014143098557759998e-01
1.004695272702933323e-01
9.950330404539832474e-02
9.851596234730168600e-02
9.750787060952426089e-02
9.647943936080272120e-02
9.543111654076386063e-02
9.436349441673486105e-02
9.327695725947841854e-02
9.217205867316254075e-02
9.104938013402630315e-02
8.990953004615685751e-02
8.875315584191999230e-02
8.758095488692910213e-02
8.639368648448748911e-02
8.519218383411096551e-02
8.397736482111298195e-02
8.275024063628536042e-02
8.151192142882121572e-02
8.026361847183959009e-02
7.900664264692253136e-02
7.774239939646039599e-02
7.647238058087696411e-02
7.519815383219706495e-02
7.392135000506629139e-02
7.264364917638138630e-02
7.136676545830587803e-02
7.009243074617904634e-02
6.882237751949180082e-02
6.755832092063354666e-02
6.630194053585386493e-02
6.505486249310218905e-02
6.381864261008363126e-02
6.259475133786653045e-02
6.138456114503971356e-02
6.018933679834493483e-02
5.901022875039453608e-02
5.784826960166125631e-02
5.670437337509564441e-02
5.557933717939886331e-02
5.447384474749106253e-02
5.338847131372877891e-02
5.232368932978950088e-02
5.127987460430066813e-02
5.025731254935442843e-02
4.925620431840295466e-02
4.827667271531855403e-02
4.731876782818567745e-02
4.638247239221632984e-02
4.546770691929272884e-02
4.457433464682462876e-02
4.370216635528630794e-02
4.285096509984527569e-02
4.202045088436713594e-02
4.121030529011208282e-02
4.042017606167273153e-02
3.964968163071821983e-02
3.889841555682720803e-02
3.816595085211165611e-02
3.745184415523491323e-02
3.675563971920801226e-02
3.607687317805965271e-02
3.541507506245195752e-02
3.476977403837629849e-02
3.414049985018439287e-02
3.352678595382632687e-02
3.292817183537853631e-02
3.234420501484850524e-02
3.177444274078157493e-02
3.121845338841652134e-02
3.067581757664812614e-02
3.014612902302862829e-02
2.962899515953425905e-02
2.912403753119532576e-02
2.863089200316931357e-02
2.814920879854478433e-02
2.767865239156502496e-02
2.721890127757694774e-02
2.676964764029195545e-02
2.633059693583328364e-02
2.590146740945728152e-02
2.548198956163625489e-02
2.507190557573577699e-02
2.467096872000172289e-02
2.427894273379339538e-02
2.389560120741144114e-02
2.352072696311440642e-02
2.315411144435505081e-02
2.279555411897876346e-02
2.244486190117455163e-02
2.210184859668807428e-02
2.176633437451136119e-02
2.143814526791143829e-02
2.111711270686451175e-02
2.080307308359588894e-02
2.049586735192537520e-02
2.019534066108477285e-02
1.990134205404349779e-02
1.961372509805249520e-02
1.933234600718639062e-02
1.905706362725448008e-02
1.878773971269515758e-02
1.852421997430879486e-02
1.826639641124290503e-02
1.801413558660052219e-02
1.776730743847951613e-02
1.752578488403767898e-02
1.728944345448809108e-02
1.705816107081347538e-02
1.683181790222668464e-02
1.661029627666642944e-02
1.639348062540403952e-02
1.618125745059262668e-02
1.597351530837676226e-02
1.577014480251176520e-02
1.557103858483228215e-02
1.537609136004794951e-02
1.518519989281621671e-02
1.499826301564258051e-02
1.481518163642995232e-02
1.463585874486218220e-02
1.446019941688883766e-02
1.428811081687597455e-02
1.411950219701134032e-02
1.395428489375726000e-02
1.379237232116985699e-02
1.363367996105210173e-02
1.347812534988705215e-02
1.332562806266244723e-02
1.317610969364277698e-02
1.302949383423763693e-02
1.288570604814340097e-02
1.274467384394255103e-02
1.260632651264627542e-02
1.247059485960618462e-02
1.233741198715135670e-02
1.220671288999711050e-02
1.207843435277891272e-02
1.195251490377761787e-02
1.182889477260222130e-02
1.170751584890041171e-02
1.158832164124888250e-02
1.147125723597673501e-02
1.135626925592994607e-02
1.124330581926834792e-02
1.113231649839695019e-02
1.102325227919684868e-02
1.091606552065364603e-02
1.081070991501109461e-02
1.070714044854925023e-02
1.060531336306981889e-02
1.050518611816548577e-02
1.040671735433233887e-02
1.030986685696509177e-02
1.021459552128483467e-02
1.012086531821328010e-02
1.002863926122100034e-02
9.937881374155280514e-03
9.848544722921508121e-03
9.760609194127627120e-03
9.674041130780628925e-03
9.588807780934916966e-03
9.504877431442486022e-03
9.422219319344608823e-03
9.340803568468798029e-03
9.260601140557427058e-03
