1.249939347071368223e-01
1.249212772197873522e-01
1.248478985570912053e-01
1.247731971892727665e-01
1.246980787576126154e-01
1.246225666602177734e-01
1.245462499418363567e-01
1.244682962399875359e-01
1.243892278277212854e-01
1.243092341415117374e-01
1.242280258632542239e-01
1.241443960579250855e-01
1.240582595509861497e-01
1.239699814450899301e-01
1.238794013654973269e-01
1.237862162087298851e-01
1.236889477813575694e-01
1.235882919719026168e-01
1.234836877109629083e-01
1.233745537838635414e-01
1.232603063138659055e-01
1.231403643668983611e-01
1.230142239190645942e-01
1.228809955068820015e-01
1.227378829517753595e-01
1.225870815773452693e-01
1.224282198906230107e-01
1.222608716572850945e-01
1.220844390659770462e-01
1.218963041365423994e-01
1.216978063369602986e-01
1.214885539939820208e-01
1.212679600390664941e-01
1.210346252099816777e-01
1.207840956990379327e-01
1.205119647573944380e-01
1.202116991957796477e-01
1.198767302411328367e-01
1.195042657841926814e-01
1.190965352461808013e-01
1.186577289385306044e-01
1.181889482573380140e-01
1.176851682766060642e-01
1.171358770528233006e-01
1.165297081780360816e-01
1.158624484385337577e-01
1.151405374368180135e-01
1.143726476738241987e-01
1.135527496317715046e-01
1.126431628317107886e-01
1.115825783714229080e-01
1.103233058220241120e-01
1.088686500216941716e-01
1.072844978464091159e-01
1.056606474761083853e-01
1.040687470213388366e-01
1.025525725364920954e-01
1.011270694249886970e-01
9.978570688761513596e-02
9.851263160996250046e-02
9.728642304585378986e-02
9.608282081661653762e-02
9.488005107246468006e-02
9.365971283387114488e-02
9.241504612347170577e-02
9.116081817420404465e-02
8.991707770977354353e-02
8.868515334303803122e-02
8.745270190242929176e-02
8.620777440756087484e-02
8.495085258166502895e-02
8.369208855345336429e-02
8.244629375490644674e-02
8.122331640484145576e-02
8.002528607484056533e-02
7.884543227541269961e-02
7.767500006714393723e-02
7.651470352836611810e-02
7.536305409938355571e-02
7.422194751345227715e-02
7.309600072461690246e-02
7.199419284773393712e-02
7.092530828362328399e-02
6.988647963230874838e-02
6.887013825691130908e-02
6.787249976295331444e-02
6.689356764938401978e-02
6.593550577815641967e-02
6.499763133686098371e-02
6.407833812454744038e-02
6.318035914231732997e-02
6.230714308803178558e-02
6.145873015530452926e-02
6.063247958154387163e-02
5.982696954704060793e-02
5.904435948374146120e-02
5.828512740609121529e-02
5.754387950666409179e-02
5.681343987379435662e-02
5.608925369274114781e-02
5.536931634253550172e-02
5.465279052189978004e-02
5.393987310360189025e-02
5.323172509751106229e-02
5.253010221306111949e-02
5.183731425160124917e-02
5.115565909078480938e-02
5.048685654395382999e-02
4.983256710315635968e-02
4.919477846171854685e-02
4.857511265947014184e-02
4.797352670424672588e-02
4.738818393797270684e-02
4.681670041838882634e-02
4.625709106746923871e-02
4.570802762859218354e-02
4.516881620192365887e-02
4.463878710373906517e-02
4.411678275471103000e-02
4.360157640129238427e-02
4.309270706618278240e-02
4.259081026929199126e-02
4.209755990595182712e-02
4.161537114739471271e-02
4.114633177973430617e-02
4.069084399755600046e-02
4.024740291416188664e-02
3.981363637574209663e-02
3.938751465421934383e-02
3.896794277392575528e-02
3.855439331940693076e-02
3.814641598134594497e-02
3.774383460527582640e-02
3.734704370217466207e-02
3.695673512452554710e-02
3.657336652047595699e-02
3.619699678358372086e-02
3.582752366382685461e-02
3.546488571887282393e-02
3.510900853643396380e-02
3.475968345529468345e-02
3.441661228836046665e-02
3.407956739107839694e-02
3.374845596810618215e-02
3.342322661998745059e-02
3.310376146698124078e-02
3.278988282316624980e-02
3.248144457591820716e-02
3.217841693131007208e-02
3.188091304297672318e-02
3.158915215508100588e-02
3.130338369091183182e-02
3.102380023334955564e-02
3.075046633271769775e-02
3.048328787447069851e-02
3.022202984756564362e-02
2.996654526875585506e-02
2.971668309820445913e-02
2.947175793296401974e-02
2.923146801142570417e-02
2.899553172132505671e-02
2.876374281618748058e-02
2.853603346154674064e-02
2.831246819032463488e-02
2.809315724183229779e-02
2.787816110651317875e-02
2.766744820329202978e-02
2.746089269550445328e-02
2.725826657225555519e-02
2.705922280702579771e-02
2.686331211815402506e-02
2.667005558444440760e-02
2.647903565617069910e-02
2.628994712558730892e-02
2.610258686466249839e-02
2.591681035128428137e-02
2.573250187747299494e-02
2.554958349911636700e-02
2.536804888490969134e-02
2.518798766254700880e-02
2.500957651278038277e-02
2.483304040703860488e-02
2.465860546122583888e-02
2.448646058651864771e-02
2.431673299562233867e-02
2.414947895609144760e-02
2.398468669857144533e-02
2.382228336080303294e-02
2.366214768085023526e-02
2.350413807726399462e-02
2.334813194958174770e-02
2.319405906726641764e-02
2.304191495284279440e-02
2.289174397605836520e-02
2.274359201184111834e-02
2.259745566556418603e-02
2.245326851046203220e-02
2.231094052413438653e-02
2.217042846946957330e-02
2.203179036943833310e-02
